function fids = get_fids()
fids = struct();

fids(1).subj_id = '8';
fids(1).nas=[12.9130 110.7524 9.6484];
fids(1).lpa=[-71.1920 37.3994 -21.4386];
fids(1).rpa=[81.9700 24.4084 -23.5716];

fids(2).subj_id = '3';
fids(2).nas=[2.5710 111.5040 20.5150];
fids(2).lpa=[-78.2450 46.0940 -13.5810];
fids(2).rpa=[73.3740 41.3980 -10.9450];

fids(3).subj_id = '7';
fids(3).nas=[-9.4100 110.0300 9.3589];
fids(3).lpa=[-74.5140 46.7120 -17.2951];
fids(3).rpa=[61.0680 49.7940 -11.8531];

fids(4).subj_id = '1';
fids(4).nas=[9.9898 142.5147 -8.1787];
fids(4).lpa=[-55.7659 49.4636 -26.2089];
fids(4).rpa=[88.7153 62.4787 -29.1394];

fids(5).subj_id = '6';
fids(5).nas=[4.6030 109.0934 26.2327];
fids(5).lpa=[-69.8850 36.9034 -3.0143];
fids(5).rpa=[71.8630 31.1924 -2.7183];

fids(6).subj_id = '2';
fids(6).nas=[0.4000 117.3122 -9.6584];
fids(6).lpa=[-77.9750 42.3162 -26.4274];
fids(6).rpa=[71.2590 40.7802 -30.1864];

fids(7).subj_id = '4';
fids(7).nas=[-6.7000 120.9000 -14.8000];
fids(7).lpa=[-86 39.4000 -57.6000];
fids(7).rpa=[75.2000 52.2000 -57.4000];

fids(8).subj_id = '5';
fids(8).nas=[-5.5930 109.1525 16.5860];
fids(8).lpa=[-78.5530 33.6745 -11.0340];
fids(8).rpa=[73.7700 38.6545 -10.3130];
